34460612      5
59 167 37 43 75 

42302422      6
140 16 89 44 77 15 

46582367      2
9 139 

37751890      10
35 135 81 67 13 153 50 65 69 117 

69200503      5
132 143 171 162 152 

36699613      1
155 

51235238      3
80 125 36 

60740809      3
84 23 91 

72832218      4
144 71 87 121 

47659552      6
10 48 147 76 134 138 

54393647      3
92 47 126 

33583840      3
63 8 99 

27109544      2
27 70 

65071478      5
151 40 159 163 133 

38724322      3
136 95 106 

11750801      5
115 97 170 34 49 

32231860      1
131 

86898639      2
96 103 

92240876      5
3 17 157 104 45 

66747161      2
5 124 

14268463      8
94 90 110 30 55 60 18 52 

45834351      1
154 

17750908      5
42 166 164 26 107 

65830353      3
109 146 120 

21344013      3
100 56 20 

96056368      1
111 

33958767      2
102 32 

67066631      1
168 

20449598      1
31 

15129661      2
58 66 

87804471      5
62 46 105 12 127 

45002711      1
28 

20610190      1
1 

81082011      5
24 79 68 156 39 

35030611      2
142 130 

61212473      1
116 

88080249      3
98 33 108 

85870289      3
114 141 64 

83265244      4
169 165 22 14 

81462164      6
2 73 54 149 53 78 

14500753      4
51 123 72 148 

79743481      1
7 

49516360      5
21 160 19 6 29 

37328103      5
122 86 150 161 172 

45181396      3
101 137 83 

63602514      1
61 

57431952      8
41 82 4 112 88 119 38 25 

58717040      4
113 74 158 129 

50860318      2
57 128 

76693511      2
93 118 

48053960      2
145 85 

