Registro de notas
========================================================================================================================
Codigo    Curso   Ciclo    Nota      Vez   Creditos  Codigo de Acceso
========================================================================================================================
202113223   MEC270    202202        16      3      3.50     50.00
202119707   INF246    202301         5      3      4.00     50.00
202123373   INF246    202202         7      1      4.00    202202INF246
202123402   INF246    202202        16      2      4.00      1.50
202123703   INF263    202302         9      2      4.50      1.50
202123703   MAT241    202202        13      1      4.00    202202MAT241
202123703   MEC270    202302        14      2      3.50      1.50
202127344   MEC270    202101         1      3      3.50     50.00
202127660   INF263    202302        12      1      4.50    202302INF263
202129719   FIS220    202201        16      1      3.50    202201FIS220
202129719   INF246    202201        16      1      4.00    202201INF246
202129719   MEC270    202202        15      2      3.50      1.50
202129735   FIS220    202201        19      1      3.50    202201FIS220
202129735   INF263    202302        16      1      4.50    202302INF263
202214204   MEC289    202202        20      3      3.00    100.00
202214712   INF246    202302        12      1      4.00    202302INF246
202214712   MAT241    202202        19      1      4.00    202202MAT241
202215067   MEC206    202201        18      1      3.00    202201MEC206
202215067   MEC289    202202        11      1      3.00    202202MEC289
202215494   FIS220    202302        14      1      3.50    202302FIS220
202215494   MEC206    202301        19      2      3.00      1.00
202215494   MEC270    202102         2      2      3.50      1.50
202223508   MEC206    202201         2      3      3.00    100.00
202224569   MEC206    202202        14      3      3.00    100.00
202225778   INF246    202301        19      3      4.00     50.00
202226249   MEC289    202201        15      3      3.00    100.00
202227316   MEC289    202201         9      3      3.00    100.00
202311748   FIS220    202302         5      3      3.50     50.00
202312000   MEC289    202301         2      3      3.00    100.00
202312050   MAT241    202301         7      3      4.00     50.00
202312360   INF246    202201         5      3      4.00     50.00
202312360   MEC289    202202        19      3      3.00    100.00
202313122   MAT241    202201        11      3      4.00     50.00
202313122   MEC289    202201        11      3      3.00    100.00
202313754   INF246    202102         6      3      4.00     50.00
202318072   INF263    202302        14      3      4.50     50.00
