REPORTE DE ALUMNOS
========================================================================================================================
CODIGO         NOMBRE                                            PROMEDIO  
========================================================================================================================
202111260      GORDILLO CASTRO RONAL                             0.00      
------------------------------------------------------------------------------------------------------------------------
CICLO     CODIGO    CREDITOS  CALIFICACION   VEZ       
------------------------------------------------------------------------------------------------------------------------
20201     INF263    3.75      5              1         
20201     MEC270    4.00      12             1         
20201     FIS220    4.50      4              1         
20201     MAT218    4.50      12             1         
20201     FIS239    4.50      9              1         
20211     MEC289    4.25      15             1         
20211     INF248    5.00      7              1         
20211     INF263    3.75      8              1         
20211     FIS247    4.50      13             1         
20221     INF263    3.75      11             1         
20221     INF248    5.00      7              1         
20221     MAT241    3.00      11             1         
20221     FIS227    4.50      17             1         
20222     FIS220    4.50      10             1         
20222     MEC206    4.50      16             1         
20222     FIS220    4.50      11             1         
20222     FIS239    4.50      12             1         
20231     FIS220    4.50      13             1         
20231     INF246    3.75      17             1         
20231     MEC209    5.25      13             1         
20231     INF248    5.00      12             1         
------------------------------------------------------------------------------------------------------------------------
202111397      ZEVALLOS PRADO RICARDO                            0.00      
------------------------------------------------------------------------------------------------------------------------
CICLO     CODIGO    CREDITOS  CALIFICACION   VEZ       
------------------------------------------------------------------------------------------------------------------------
20201     MEC289    4.25      5              1         
20201     INF263    3.75      10             1         
20202     INF220    5.00      9              1         
20202     MEC289    4.25      12             1         
20202     FIS218    4.50      10             1         
20211     FIS230    3.00      10             1         
20211     MEC270    4.00      11             1         
20211     INF220    5.00      3              1         
20212     INF263    3.75      4              1         
20212     FIS230    3.00      14             1         
20212     INF281    5.00      14             1         
20212     INF220    5.00      13             1         
20221     MEC373    3.00      10             1         
20221     FIS248    4.50      15             1         
20221     INF250    5.00      10             1         
20221     INF263    3.75      8              1         
20222     FIS218    4.50      11             1         
20222     INF263    3.75      11             1         
20222     MEC373    3.00      10             1         
------------------------------------------------------------------------------------------------------------------------
202112598      MORI ZAVALETA LUZ LOURDES                         0.00      
------------------------------------------------------------------------------------------------------------------------
CICLO     CODIGO    CREDITOS  CALIFICACION   VEZ       
------------------------------------------------------------------------------------------------------------------------
20201     FIS230    3.00      9              1         
20201     INF263    3.75      10             1         
20201     MEC289    4.25      4              1         
20201     FIS218    4.50      6              1         
20202     INF239    4.00      12             1         
20202     FIS220    4.50      7              1         
20202     FIS203    4.50      11             1         
20211     INF263    3.75      5              1         
20211     FIS218    4.50      8              1         
20212     FIS239    4.50      12             1         
20212     MEC270    4.00      11             1         
20212     INF263    3.75      4              1         
20221     INF245    4.00      16             1         
20221     FIS230    3.00      11             1         
20221     FIS218    4.50      11             1         
20221     FIS220    4.50      8              1         
20222     FIS220    4.50      14             1         
20222     INF282    5.00      13             1         
20222     MEC289    4.25      15             1         
20231     MAT241    3.00      11             1         
20231     MEC209    5.25      12             1         
------------------------------------------------------------------------------------------------------------------------
202112887      CABRERA AGUERO JESSICA                            0.00      
------------------------------------------------------------------------------------------------------------------------
CICLO     CODIGO    CREDITOS  CALIFICACION   VEZ       
------------------------------------------------------------------------------------------------------------------------
20201     INF282    5.00      10             1         
20201     MEC286    4.25      7              1         
20201     INF248    5.00      10             1         
20201     INF220    5.00      7              1         
20201     INF250    5.00      8              1         
20202     INF220    5.00      11             1         
20202     INF246    3.75      10             1         
20211     MAT781    3.00      12             1         
20211     FIS219    4.50      15             1         
20211     INF250    5.00      6              1         
20211     FIS247    4.50      9              1         
20212     FIS208    4.50      10             1         
20212     MEC286    4.25      9              1         
20221     MEC206    4.50      8              1         
20221     FIS247    4.50      3              1         
20221     INF282    5.00      11             1         
20221     INF250    5.00      11             1         
20222     INF246    3.75      6              1         
20222     INF248    5.00      15             1         
20222     MEC286    4.25      15             1         
20231     FIS230    3.00      12             1         
20231     MEC2T3    1.00      10             1         
20231     INF246    3.75      12             1         
20231     FIS247    4.50      12             1         
------------------------------------------------------------------------------------------------------------------------
202113223      DIAZ SEDANO YVONNE                                0.00      
------------------------------------------------------------------------------------------------------------------------
CICLO     CODIGO    CREDITOS  CALIFICACION   VEZ       
------------------------------------------------------------------------------------------------------------------------
20201     MEC2T3    1.00      11             1         
20201     INF282    5.00      10             1         
20201     FIS203    4.50      5              1         
20202     INF239    4.00      13             1         
20202     FIS248    4.50      3              1         
20202     FIS220    4.50      5              1         
20202     FIS203    4.50      5              1         
20211     INF245    4.00      13             1         
20211     FIS230    3.00      7              1         
20212     FIS248    4.50      5              1         
20212     FIS230    3.00      8              1         
20221     FIS208    4.50      8              1         
20221     FIS230    3.00      11             1         
20221     FIS229    6.00      6              1         
20221     FIS203    4.50      14             1         
20222     FIS220    4.50      15             1         
20222     FIS229    6.00      6              1         
20222     FIS248    4.50      13             1         
20231     FIS229    6.00      12             1         
20231     INF282    5.00      11             1         
------------------------------------------------------------------------------------------------------------------------
202113758      SOMA INGA DIALY                                   0.00      
------------------------------------------------------------------------------------------------------------------------
CICLO     CODIGO    CREDITOS  CALIFICACION   VEZ       
------------------------------------------------------------------------------------------------------------------------
20201     INF263    3.75      14             1         
20201     FIS203    4.50      6              1         
20201     MAT241    3.00      7              1         
20202     INF238    4.00      10             1         
20202     MAT219    4.50      6              1         
20211     FIS219    4.50      11             1         
20211     MEC269    1.00      9              1         
20211     MAT241    3.00      3              1         
20212     INF239    4.00      15             1         
20212     FIS203    4.50      8              1         
20221     MEC209    5.25      9              1         
20221     FIS220    4.50      5              1         
20221     FIS203    4.50      12             1         
20222     MAT219    4.50      8              1         
20222     MEC269    1.00      9              1         
20231     MAT241    3.00      12             1         
20231     FIS220    4.50      11             1         
20231     MEC269    1.00      11             1         
20231     MAT219    4.50      12             1         
------------------------------------------------------------------------------------------------------------------------
202114285      CHAVARRI ALDAVE FERNANDO MARTIN                   0.00      
------------------------------------------------------------------------------------------------------------------------
CICLO     CODIGO    CREDITOS  CALIFICACION   VEZ       
------------------------------------------------------------------------------------------------------------------------
20201     INF263    3.75      13             1         
20201     FIS220    4.50      8              1         
20201     INF238    4.00      9              1         
20202     FIS203    4.50      10             1         
20202     INF245    4.00      8              1         
20202     MAT241    3.00      9              1         
20211     MEC209    5.25      16             1         
20211     FIS203    4.50      5              1         
20211     INF238    4.00      7              1         
20211     MEC286    4.25      14             1         
20211     MAT218    4.50      11             1         
20212     INF245    4.00      5              1         
20212     MAT241    3.00      9              1         
20212     FIS203    4.50      11             1         
20221     MAT219    4.50      6              1         
20221     FIS220    4.50      9              1         
20221     MEC269    1.00      7              1         
20222     FIS230    3.00      17             1         
20222     MEC269    1.00      2              1         
20231     MAT241    3.00      9              1         
20231     INF245    4.00      11             1         
20231     MEC269    1.00      15             1         
20231     MAT219    4.50      8              1         
------------------------------------------------------------------------------------------------------------------------
202114739      VELASQUEZ CANO FERNANDO                           0.00      
------------------------------------------------------------------------------------------------------------------------
CICLO     CODIGO    CREDITOS  CALIFICACION   VEZ       
------------------------------------------------------------------------------------------------------------------------
20201     FIS203    4.50      12             1         
20201     FIS220    4.50      11             1         
20211     MAT241    3.00      8              1         
20211     FIS248    4.50      16             1         
20211     INF238    4.00      10             1         
20211     MEC209    5.25      9              1         
20211     INF246    3.75      12             1         
20212     MEC269    1.00      17             1         
20212     INF245    4.00      12             1         
20212     FIS219    4.50      15             1         
20212     FIS230    3.00      5              1         
20222     MAT219    4.50      14             1         
20222     INF263    3.75      7              1         
20222     INF239    4.00      8              1         
------------------------------------------------------------------------------------------------------------------------
202115400      SANTISTEBAN JUGO NESTOR                           0.00      
------------------------------------------------------------------------------------------------------------------------
CICLO     CODIGO    CREDITOS  CALIFICACION   VEZ       
------------------------------------------------------------------------------------------------------------------------
20201     INF281    5.00      5              1         
20201     MEC206    4.50      15             1         
20201     FIS208    4.50      5              1         
20202     INF281    5.00      7              1         
20202     FIS248    4.50      8              1         
20211     INF281    5.00      9              1         
20212     FIS208    4.50      8              1         
20212     MEC2T2    4.50      16             1         
20212     FIS248    4.50      8              1         
20212     FIS220    4.50      15             1         
20221     FIS248    4.50      12             1         
20221     MEC373    3.00      9              1         
20222     MEC373    3.00      14             1         
20222     FIS220    4.50      12             1         
20222     FIS208    4.50      14             1         
------------------------------------------------------------------------------------------------------------------------
202115802      MINAYA AMEZQUITA RHONY JAIME                      0.00      
------------------------------------------------------------------------------------------------------------------------
CICLO     CODIGO    CREDITOS  CALIFICACION   VEZ       
------------------------------------------------------------------------------------------------------------------------
20201     INF282    5.00      15             1         
20201     MEC269    1.00      7              1         
20201     INF238    4.00      6              1         
20202     MEC2T3    1.00      12             1         
20202     FIS248    4.50      9              1         
20202     INF238    4.00      7              1         
20202     MAT241    3.00      9              1         
20211     MAT218    4.50      18             1         
20211     FIS230    3.00      3              1         
20211     INF238    4.00      8              1         
20211     MAT241    3.00      7              1         
20211     INF245    4.00      8              1         
20212     FIS219    4.50      10             1         
20212     FIS230    3.00      5              1         
20212     INF281    5.00      9              1         
20212     MAT241    3.00      11             1         
20212     INF245    4.00      9              1         
20221     FIS219    4.50      11             1         
20221     FIS230    3.00      8              1         
20221     INF281    5.00      13             1         
20221     INF282    5.00      14             1         
20221     INF245    4.00      13             1         
20222     MEC373    3.00      6              1         
20222     FIS203    4.50      20             1         
------------------------------------------------------------------------------------------------------------------------
202116038      SAONA ARIAS ALBERTO                               0.00      
------------------------------------------------------------------------------------------------------------------------
CICLO     CODIGO    CREDITOS  CALIFICACION   VEZ       
------------------------------------------------------------------------------------------------------------------------
20201     FIS220    4.50      5              1         
20201     MEC289    4.25      13             1         
20201     MAT241    3.00      10             1         
20202     FIS229    6.00      9              1         
20202     MEC206    4.50      11             1         
20202     FIS220    4.50      8              1         
20221     MAT219    4.50      9              1         
20221     MAT241    3.00      16             1         
20221     FIS229    6.00      9              1         
20221     FIS220    4.50      12             1         
20221     INF246    3.75      14             1         
20222     INF281    5.00      11             1         
20222     FIS203    4.50      6              1         
20222     MAT219    4.50      11             1         
20222     FIS229    6.00      9              1         
------------------------------------------------------------------------------------------------------------------------
202116963      CORTEZ LEIVA SURAMI SILVIA                        0.00      
------------------------------------------------------------------------------------------------------------------------
CICLO     CODIGO    CREDITOS  CALIFICACION   VEZ       
------------------------------------------------------------------------------------------------------------------------
20201     FIS247    4.50      13             1         
20201     MEC206    4.50      8              1         
20201     FIS208    4.50      15             1         
20201     INF282    5.00      8              1         
20202     FIS220    4.50      14             1         
20202     MEC209    5.25      9              1         
20211     INF245    4.00      15             1         
20211     FIS229    6.00      17             1         
20211     INF282    5.00      5              1         
20212     FIS208    4.50      16             1         
20212     MEC209    5.25      14             1         
20212     INF250    5.00      9              1         
20221     INF220    5.00      11             1         
20221     INF282    5.00      14             1         
20221     INF250    5.00      8              1         
20221     INF239    4.00      7              1         
20222     FIS203    4.50      13             1         
20222     INF248    5.00      11             1         
20222     MEC206    4.50      9              1         
20231     INF250    5.00      11             1         
20231     MEC206    4.50      8              1         
20231     INF239    4.00      15             1         
------------------------------------------------------------------------------------------------------------------------
202119153      MENDOZA ARIAS HENRY                               0.00      
------------------------------------------------------------------------------------------------------------------------
CICLO     CODIGO    CREDITOS  CALIFICACION   VEZ       
------------------------------------------------------------------------------------------------------------------------
20201     FIS248    4.50      7              1         
20202     FIS248    4.50      10             1         
20202     MEC289    4.25      8              1         
20221     FIS248    4.50      15             1         
20221     MEC289    4.25      19             1         
20221     FIS227    4.50      1              1         
20221     MAT241    3.00      14             1         
20221     INF263    3.75      17             1         
20222     FIS229    6.00      1              1         
20222     MAT781    3.00      15             1         
20222     FIS227    4.50      16             1         
20231     MEC209    5.25      15             1         
20231     INF239    4.00      12             1         
------------------------------------------------------------------------------------------------------------------------
202119707      MIRANDA LARRIEGA JUVENAL NESTOR                   0.00      
------------------------------------------------------------------------------------------------------------------------
CICLO     CODIGO    CREDITOS  CALIFICACION   VEZ       
------------------------------------------------------------------------------------------------------------------------
20201     FIS248    4.50      15             1         
20202     MEC289    4.25      16             1         
20202     MAT781    3.00      11             1         
20211     FIS227    4.50      12             1         
20211     MAT241    3.00      12             1         
20211     MEC206    4.50      11             1         
20221     FIS229    6.00      15             1         
20221     INF263    3.75      13             1         
20221     MAT218    4.50      12             1         
20221     MEC270    4.00      15             1         
20222     MEC209    5.25      14             1         
20222     INF282    5.00      14             1         
20222     INF245    4.00      13             1         
20222     FIS247    4.50      15             1         
20222     MEC2T3    1.00      19             1         
20231     INF239    4.00      19             1         
20231     FIS208    4.50      15             1         
------------------------------------------------------------------------------------------------------------------------
202119958      QUISPE BERROCAL ANTONIO ALVARO DANIEL             0.00      
------------------------------------------------------------------------------------------------------------------------
CICLO     CODIGO    CREDITOS  CALIFICACION   VEZ       
------------------------------------------------------------------------------------------------------------------------
20201     INF246    3.75      19             1         
20211     INF220    5.00      18             1         
20211     MEC269    1.00      14             1         
20211     INF245    4.00      10             1         
20212     MEC289    4.25      17             1         
20212     FIS203    4.50      13             1         
20212     FIS218    4.50      9              1         
20212     MEC373    3.00      7              1         
20212     INF263    3.75      6              1         
20221     MEC286    4.25      16             1         
20221     MEC270    4.00      12             1         
20221     FIS229    6.00      8              1         
20231     INF248    5.00      15             1         
20231     FIS230    3.00      11             1         
------------------------------------------------------------------------------------------------------------------------
202121791      GONZALES VELASQUEZ WALTER                         0.00      
------------------------------------------------------------------------------------------------------------------------
CICLO     CODIGO    CREDITOS  CALIFICACION   VEZ       
------------------------------------------------------------------------------------------------------------------------
20201     INF246    3.75      15             1         
20202     FIS203    4.50      7              1         
20202     INF220    5.00      17             1         
20202     FIS218    4.50      11             1         
20202     INF263    3.75      10             1         
20202     FIS239    4.50      16             1         
20211     MEC270    4.00      9              1         
20211     MEC289    4.25      19             1         
20211     FIS229    6.00      9              1         
20211     MAT781    3.00      11             1         
20221     FIS230    3.00      11             1         
20221     MEC286    4.25      17             1         
20221     MEC373    3.00      7              1         
20222     INF245    4.00      13             1         
20222     INF248    5.00      15             1         
20231     INF282    5.00      15             1         
20231     MEC269    1.00      13             1         
------------------------------------------------------------------------------------------------------------------------
202122742      ZAVALETA LOPEZ KARIN VIRGINIA                     0.00      
------------------------------------------------------------------------------------------------------------------------
CICLO     CODIGO    CREDITOS  CALIFICACION   VEZ       
------------------------------------------------------------------------------------------------------------------------
20201     MEC289    4.25      6              1         
20202     INF220    5.00      10             1         
20202     INF248    5.00      9              1         
20202     INF246    3.75      6              1         
20211     MEC289    4.25      9              1         
20211     INF246    3.75      8              1         
20211     INF220    5.00      10             1         
20212     MEC289    4.25      10             1         
20212     MEC286    4.25      3              1         
20221     INF248    5.00      10             1         
20221     INF220    5.00      11             1         
20221     MEC286    4.25      5              1         
20231     INF246    3.75      11             1         
20231     INF245    4.00      12             1         
20231     FIS218    4.50      13             1         
20231     MEC286    4.25      14             1         
------------------------------------------------------------------------------------------------------------------------
202123373      ESCALANTE RARAZ BLANCA                            0.00      
------------------------------------------------------------------------------------------------------------------------
CICLO     CODIGO    CREDITOS  CALIFICACION   VEZ       
------------------------------------------------------------------------------------------------------------------------
20201     MAT218    4.50      12             1         
20201     FIS229    6.00      12             1         
20201     INF282    5.00      12             1         
20201     INF248    5.00      12             1         
20202     FIS248    4.50      12             1         
20202     FIS239    4.50      12             1         
20202     MAT219    4.50      12             1         
20211     FIS208    4.50      12             1         
20211     MEC286    4.25      12             1         
20212     INF245    4.00      12             1         
20212     FIS220    4.50      12             1         
20221     FIS218    4.50      12             1         
20221     MEC209    5.25      12             1         
20222     INF246    3.75      12             1         
20231     FIS247    4.50      12             1         
------------------------------------------------------------------------------------------------------------------------
202123402      VIZCARDO MORI LUCERO ZKENIA                       0.00      
------------------------------------------------------------------------------------------------------------------------
CICLO     CODIGO    CREDITOS  CALIFICACION   VEZ       
------------------------------------------------------------------------------------------------------------------------
20201     MAT218    4.50      13             1         
20201     FIS248    4.50      11             1         
20201     FIS208    4.50      9              1         
20201     FIS229    6.00      6              1         
20201     MEC2T3    1.00      11             1         
20202     FIS248    4.50      15             1         
20202     FIS208    4.50      14             1         
20202     INF245    4.00      8              1         
20202     FIS239    4.50      9              1         
20211     FIS208    4.50      13             1         
20211     INF245    4.00      11             1         
20211     FIS218    4.50      11             1         
20211     MEC286    4.25      12             1         
20212     INF245    4.00      15             1         
20212     FIS218    4.50      14             1         
20212     INF246    3.75      15             1         
20212     FIS220    4.50      4              1         
20221     FIS218    4.50      13             1         
20221     INF246    3.75      11             1         
20221     MEC209    5.25      11             1         
20222     INF246    3.75      15             1         
20222     FIS247    4.50      14             1         
20231     FIS247    4.50      13             1         
------------------------------------------------------------------------------------------------------------------------
202123703      GAMARRA TABORI PAUL RONAL                         0.00      
------------------------------------------------------------------------------------------------------------------------
CICLO     CODIGO    CREDITOS  CALIFICACION   VEZ       
------------------------------------------------------------------------------------------------------------------------
20201     MAT218    4.50      13             1         
20202     FIS248    4.50      16             1         
20202     FIS229    6.00      12             1         
20211     FIS208    4.50      15             1         
20211     FIS239    4.50      11             1         
20212     INF245    4.00      16             1         
20212     MEC286    4.25      15             1         
20221     FIS218    4.50      11             1         
20222     INF246    3.75      17             1         
20231     FIS247    4.50      14             1         
------------------------------------------------------------------------------------------------------------------------
202125607      POZO JUGO ISABEL                                  0.00      
------------------------------------------------------------------------------------------------------------------------
CICLO     CODIGO    CREDITOS  CALIFICACION   VEZ       
------------------------------------------------------------------------------------------------------------------------
20201     INF245    4.00      9              1         
20202     MEC209    5.25      13             1         
20211     INF248    5.00      15             1         
20211     FIS247    4.50      12             1         
20212     MEC270    4.00      17             1         
20212     INF246    3.75      17             1         
20212     FIS208    4.50      10             1         
20221     MEC2T3    1.00      19             1         
20221     FIS219    4.50      18             1         
20221     FIS218    4.50      12             1         
20231     FIS220    4.50      11             1         
20231     MAT218    4.50      19             1         
20231     INF220    5.00      11             1         
------------------------------------------------------------------------------------------------------------------------
202125775      PRADO PAREDES JUAN                                0.00      
------------------------------------------------------------------------------------------------------------------------
CICLO     CODIGO    CREDITOS  CALIFICACION   VEZ       
------------------------------------------------------------------------------------------------------------------------
20201     INF248    5.00      10             1         
20201     INF245    4.00      7              1         
20201     MEC209    5.25      9              1         
20211     INF248    5.00      14             1         
20211     MEC209    5.25      9              1         
20211     INF245    4.00      7              1         
20211     MEC2T3    1.00      12             1         
20211     FIS220    4.50      12             1         
20221     MEC209    5.25      11             1         
20231     MEC270    4.00      14             1         
20231     FIS247    4.50      16             1         
20231     MAT218    4.50      11             1         
20231     INF245    4.00      7              1         
------------------------------------------------------------------------------------------------------------------------
202126490      TAVERA CORREA FERNANDO                            0.00      
------------------------------------------------------------------------------------------------------------------------
CICLO     CODIGO    CREDITOS  CALIFICACION   VEZ       
------------------------------------------------------------------------------------------------------------------------
20201     MEC289    4.25      5              1         
20202     FIS248    4.50      5              1         
20202     FIS229    6.00      12             1         
20202     INF250    5.00      9              1         
20202     FIS239    4.50      11             1         
20211     INF250    5.00      7              1         
20211     MAT219    4.50      16             1         
20211     FIS239    4.50      9              1         
20211     MAT781    3.00      11             1         
20212     FIS239    4.50      7              1         
20212     MEC289    4.25      13             1         
20212     MAT781    3.00      9              1         
20222     MAT781    3.00      7              1         
20222     FIS248    4.50      13             1         
------------------------------------------------------------------------------------------------------------------------
202127344      DEL_POZO QUIO CESAR                               0.00      
------------------------------------------------------------------------------------------------------------------------
CICLO     CODIGO    CREDITOS  CALIFICACION   VEZ       
------------------------------------------------------------------------------------------------------------------------
20221     INF239    4.00      17             1         
------------------------------------------------------------------------------------------------------------------------
202127660      CHANG ARGUEDAS HENRY ANTONIO                      0.00      
------------------------------------------------------------------------------------------------------------------------
CICLO     CODIGO    CREDITOS  CALIFICACION   VEZ       
------------------------------------------------------------------------------------------------------------------------
20202     MEC2T2    4.50      11             1         
20202     FIS203    4.50      19             1         
20202     MEC269    1.00      20             1         
20202     INF220    5.00      13             1         
20211     MAT219    4.50      12             1         
20211     MEC289    4.25      18             1         
20211     MEC286    4.25      15             1         
20211     MEC206    4.50      13             1         
20212     FIS247    4.50      13             1         
20212     FIS248    4.50      17             1         
20212     MAT241    3.00      15             1         
20212     INF282    5.00      13             1         
20222     MAT781    3.00      14             1         
20222     INF248    5.00      16             1         
20222     FIS208    4.50      15             1         
20222     FIS219    4.50      13             1         
------------------------------------------------------------------------------------------------------------------------
