20190102     X6O-905       15559308       335
20190103     N9Q-814       15115705       170
20190104     H1R-953       90467829       170
20190105     K2N-341       68310808       306
20190106     E0I-722       31107104       154
20190107     T3R-184       79766395       305
20190108     D1M-667       77763722       115
20190109     O3H-954       79672079       305
20190110     W7R-114       26522329       323
20190112     H8A-390       19963454       111
20190114     W4W-684       77367073       336
20190116     J8B-303       34976629       334
20190117     N7K-403       77367073       132
20190118     W9Y-717       84186239       330
20190119     P6I-223       30046639       136
20190120     U1X-768       25518120       103
20190121     N2C-590       85501710       206
20190122     C0S-417       52002275       117
20190123     X3Z-285       64532449       162
20190125     X3Z-285       64532449       108
20190126     V9J-051       70414420       336
20190129     K4F-319       32244565       153
20190130     W5W-525       21621497       321
20190131     Z7C-785       21621497       163
20190202     O8J-848       51929951       325
20190203     S3D-133       27864822       140
20190204     L4H-670       71578206       123
20190206     H4R-733       34248357       308
20190207     U0T-459       34248357       157
20190208     X6O-905       15559308       150
20190210     I0K-077       97849227       101
20190211     D9A-711       19963454       151
20190212     C0G-556       96693273       131
20190214     T8Y-354       47528229       311
20190215     Q6C-943       50200823       165
20190216     D7L-648       35912665       124
20190217     I9F-484       29833157       201
20190218     M8Q-758       49927087       328
20190220     Z7C-785       21621497       332
20190221     H3E-885       88854166       319
20190223     Q6B-243       58992942       159
20190224     G3Y-654       54447051       331
20190225     S1D-093       87282766       135
20190226     Z7C-785       21621497       205
20190228     D5W-773       54447051       312
20190301     N6D-256       79766395       313
20190302     Z5D-724       82031355       113
20190304     X0F-315       30441350       324
20190306     W7R-114       26522329       207
20190307     Y4Y-028       88167677       161
20190308     E0I-722       31107104       138
20190309     E3U-768       81799482       104
20190310     Y5F-449       12270502       135
20190311     U5T-348       70414420       106
20190312     P7I-760       69252518       147
20190313     X3Z-285       64532449       130
20190314     K3B-165       38862473       318
20190315     G6I-762       53374153       156
20190316     B8B-326       24859596       302
20190317     J2M-606       73972114       320
20190318     I0X-469       64178096       336
20190319     D1M-667       77763722       304
20190320     H8S-849       52003695       118
20190321     N1O-921       13219606       150
20190322     A6D-661       42956681       320
20190323     O2Z-308       35912665       126
20190325     S3L-803       15559308       147
20190327     J8B-303       34976629       132
20190330     T9U-338       27864822       326
20190401     E1J-798       25518120       122
20190403     M7F-612       80457845       113
20190404     R8O-904       89941095       147
20190405     H6X-124       82031355       122
20190406     W9Y-717       84186239       153
20190407     N9Q-814       15115705       157
20190408     O7D-970       35297848       117
20190411     T6W-978       84186239       117
20190413     N5J-515       80310768       323
20190415     A7Y-833       73567806       341
20190416     K0D-676       63736112       160
20190418     F1F-571       67185679       134
20190419     Q9D-870       73567806       106
20190420     I9F-484       29833157       130
20190422     H6X-124       82031355       143
20190425     O2Z-308       35912665       160
20190426     C0G-556       96693273       148
20190429     M8W-853       32244565       325
20190430     C0G-556       96693273       170
20190501     V7P-711       81799482       161
20190502     K6X-977       75945248       331
20190503     M4Z-108       51395324       121
20190504     Y9F-491       71578206       127
20190505     O0C-616       88167677       335
20190506     C0S-417       52002275       321
20190509     O7W-705       19568447       102
20190510     A6K-820       96693273       306
20190513     K6X-977       75945248       152
20190514     S6Y-726       38862473       306
20190515     M1E-751       80310768       208
20190516     M5G-669       87495937       109
20190518     B4N-777       66849703       201
20190519     X8Q-687       79641328       151
20190520     D5W-953       35683701       137
20190521     E6R-293       73357516       147
20190522     G7B-252       49927087       152
20190523     R6P-267       53853385       104
20190524     S5E-231       34248357       128
20190526     M7F-612       80457845       122
20190527     E6R-293       73357516       151
20190528     Y6I-680       99950484       166
20190530     B9X-420       96693273       322
20190531     O0C-616       88167677       154
20190601     X3E-271       49927087       145
20190602     V7U-622       88167677       118
20190603     M7F-612       80457845       137
20190605     W5W-525       21621497       146
20190606     Y0K-784       39544560       126
20190607     D9A-711       19963454       129
20190608     L6D-758       24859596       328
20190610     D8H-157       73972114       304
20190611     V7P-711       81799482       151
20190612     W7R-114       26522329       332
20190613     B4C-100       88167677       315
20190614     X6M-077       68310808       132
20190615     U7R-252       26522329       164
20190616     D5W-773       54447051       130
20190617     S1D-093       87282766       165
20190619     O3T-110       31107104       301
20190620     V7L-069       53374153       159
20190621     U0T-459       34248357       161
20190623     C0A-114       49428502       338
20190624     H6H-085       48450395       321
20190625     I0W-872       36079131       301
20190626     Y0Y-415       69252518       163
20190627     T5L-371       12858682       337
20190628     S1D-093       87282766       133
20190629     W9Z-281       73567806       311
20190630     G3Y-654       54447051       205
20190701     Z5G-762       80457845       126
20190702     H3E-885       88854166       121
20190704     M2Q-712       13219606       164
20190705     G0F-080       43454884       327
20190706     F3F-478       16925690       117
20190708     Q6C-943       50200823       152
20190709     Y0Y-415       69252518       115
20190710     E0L-862       42956681       145
20190711     F3F-478       16925690       330
20190712     U5T-348       70414420       164
20190713     S6Y-726       38862473       328
20190714     T1K-210       71832810       202
20190715     X0F-315       30441350       134
20190716     G1P-591       48450395       132
20190717     X8Q-687       79641328       324
20190718     T9U-338       27864822       321
20190721     W3T-571       29989682       206
20190722     O2Z-308       35912665       156
20190723     C0S-417       52002275       333
20190724     P7I-760       69252518       148
20190726     Z4K-431       85501710       122
20190727     R8H-409       12443643       170
20190729     W9L-468       32244565       136
20190801     L8Z-555       42956681       122
20190803     K4F-319       32244565       146
20190805     U5L-205       54447051       331
20190806     L8A-167       99950484       141
20190808     I0Y-720       34976629       117
20190809     L2H-207       87495937       119
20190810     I2P-193       67185679       122
20190811     X3E-271       49927087       144
20190812     W9Y-717       84186239       322
20190814     J1E-736       32244565       103
20190816     C2V-710       74325123       305
20190818     I0W-872       36079131       330
20190820     N6D-256       79766395       336
20190821     V7L-069       53374153       134
20190824     L3N-150       88854166       319
20190825     O3H-954       79672079       126
20190826     I4B-541       38862473       309
20190827     B4I-014       16925690       144
20190830     E1N-544       81485316       147
20190831     E1N-544       81485316       159
20190901     O5L-856       53853385       170
20190902     S3L-803       15559308       130
20190903     V7L-069       53374153       142
20190904     S4J-282       44346371       335
20190905     B4C-100       88167677       104
20190906     V7U-622       88167677       127
20190907     Y3Q-331       79672079       127
20190908     J0V-437       64532449       161
20190910     A6E-125       35912665       301
20190912     H0E-855       74325123       143
20190913     Q3M-512       71832810       124
20190914     X7J-719       47844324       101
20190915     K5K-595       50201756       142
20190916     Z8C-558       87495937       304
20190917     P7E-145       37080813       203
20190919     G7B-252       49927087       146
20190920     S3L-803       15559308       161
20190922     C4O-436       82870470       106
20190923     V4E-749       35671623       321
20190924     P6T-244       89941095       131
20190925     P6T-244       89941095       134
20190926     J7Y-327       54141214       333
20190927     T8F-368       15559308       140
20190928     Y0Y-415       69252518       305
20190929     B7V-643       64178096       322
20190930     Y9W-731       99950484       329
20191001     G6I-762       53374153       305
20191002     U5T-348       70414420       144
20191003     V7U-622       88167677       160
20191004     I0X-469       64178096       207
20191005     A8P-118       24859596       310
20191006     M0X-657       44188994       126
20191007     V7P-711       81799482       309
20191008     W2L-827       77763722       129
20191009     F2F-895       48878256       137
20191011     H3E-885       88854166       164
20191012     Q6Q-335       30441350       339
20191013     H1E-399       50200823       138
20191014     O2Z-308       35912665       156
20191017     X0R-946       99950484       101
20191018     Z4L-514       48878256       145
20191019     O7D-970       35297848       335
20191020     E6T-667       60335381       118
20191021     K0D-676       63736112       302
20191023     H6X-124       82031355       165
20191024     A2F-518       73972114       144
20191025     T6W-978       84186239       158
20191026     M1E-751       80310768       341
20191027     N2C-590       85501710       112
20191028     U6A-456       31205866       129
20191029     N2C-590       85501710       203
20191031     X3Z-285       64532449       122
20191101     H1E-399       50200823       114
20191102     T9A-930       63736112       147
20191104     G7Z-721       71578206       111
20191105     H6H-085       48450395       325
20191106     M8W-853       32244565       123
20191107     J1E-736       32244565       316
20191108     D6F-465       81528434       133
20191112     F3R-138       96693273       142
20191113     H1W-140       68303148       160
20191114     Y0Y-415       69252518       142
20191116     G8O-154       47528229       330
20191117     S3F-021       30046639       160
20191118     M8W-853       32244565       335
20191119     S9I-160       27185429       151
20191120     W9L-468       32244565       155
20191121     D9A-711       19963454       111
20191122     U5W-825       26522329       101
20191123     S9I-160       27185429       332
20191125     C6Q-548       60784914       116
20191126     S3L-803       15559308       133
20191127     X6O-905       15559308       164
20191129     M8Q-758       49927087       137
20191203     W3T-571       29989682       302
20191204     M5G-669       87495937       324
20191205     N7K-403       77367073       127
20191206     L4O-783       86718074       104
20191207     K6X-977       75945248       307
20191210     M7F-612       80457845       133
20191215     O4X-500       35912665       155
20191216     H9A-097       77367073       134
20191217     Y5F-449       12270502       330
20191218     D5W-773       54447051       132
20191219     O4X-500       35912665       136
20191220     W9L-468       32244565       208
20191221     P7T-999       12270502       104
20191222     O4X-603       53853385       146
20191223     U7R-252       26522329       122
20191225     L4O-783       86718074       151
20191226     P2Q-870       35671623       328
20191230     W7C-957       16477908       146
20191231     E0I-722       31107104       154
20200101     V7O-315       58992942       123
20200102     S7E-946       45043076       134
20200103     Z5D-724       82031355       305
20200104     O0C-616       88167677       128
20200106     P6N-119       89941095       314
20200107     M5G-669       87495937       124
20200108     E0I-722       31107104       148
20200109     S1D-093       87282766       331
20200110     H4R-733       34248357       313
20200111     R5I-860       21621497       136
20200112     X3E-271       49927087       112
20200113     K0H-387       82870470       103
20200115     A2F-518       73972114       131
20200116     R6P-267       53853385       150
20200118     S3D-133       27864822       158
20200119     T1K-210       71832810       154
20200120     Y9G-536       54141214       330
20200121     S3D-133       27864822       145
20200122     N6D-256       79766395       322
20200123     W9Z-281       73567806       341
20200124     D9A-711       19963454       314
20200125     Q9D-870       73567806       105
20200126     I0W-872       36079131       166
20200127     C3A-423       89314225       164
20200129     O3T-110       31107104       158
20200130     X9O-440       19963454       307
20200201     I5K-310       29833157       312
20200202     U3F-754       27185429       125
20200203     B4C-100       88167677       123
20200204     P7E-145       37080813       149
20200205     M7F-612       80457845       150
20200206     W9L-468       32244565       125
20200207     R6P-267       53853385       121
20200208     C0S-417       52002275       203
20200210     I0Y-720       34976629       144
20200212     F3F-478       16925690       128
20200214     R7N-113       16925690       143
20200215     M5G-669       87495937       155
20200217     G7Z-721       71578206       120
20200218     B4N-777       66849703       139
20200219     T7F-869       30441350       154
20200220     N7K-403       77367073       329
20200221     C3A-423       89314225       341
20200222     G1P-591       48450395       147
20200223     R1T-735       45043076       334
20200224     U6A-456       31205866       166
20200225     B4N-777       66849703       115
20200226     U5T-348       70414420       159
20200227     U3F-754       27185429       337
20200228     Q6B-243       58992942       102
20200229     S5E-231       34248357       158
20200301     V9F-655       74325123       121
20200302     G8O-154       47528229       312
20200303     K0H-387       82870470       143
20200304     C6Q-548       60784914       117
20200305     B7V-643       64178096       204
20200306     Z5G-762       80457845       109
20200307     X6O-905       15559308       133
20200308     S3D-133       27864822       125
20200309     X6O-905       15559308       309
20200310     S7F-983       67185679       122
20200311     T5L-371       12858682       308
20200312     Q6I-941       86718074       102
20200313     Z5D-724       82031355       166
20200314     J7Y-327       54141214       104
20200315     X3E-271       49927087       208
20200317     M9Z-497       30441350       158
20200318     X9D-758       16477908       123
20200319     F3E-797       13628871       302
20200320     R0P-255       50200823       157
20200321     F3E-797       13628871       108
20200323     J8N-930       52002275       320
20200324     D8H-157       73972114       105
20200325     R5C-239       27864822       202
20200326     H6X-124       82031355       148
20200327     B1J-773       29989682       127
20200328     F1H-328       47844324       208
20200329     L2H-207       87495937       150
20200330     W1C-444       71832810       160
20200331     S6Y-726       38862473       129
20200401     D6F-465       81528434       150
20200402     E0L-862       42956681       143
20200403     V4E-749       35671623       161
20200404     I5K-310       29833157       307
20200405     U6A-456       31205866       166
20200406     I5K-310       29833157       157
20200407     K2N-341       68310808       114
20200408     J0J-790       82031355       113
20200409     O0C-616       88167677       118
20200410     K1F-766       86429854       306
20200411     M5U-987       86429854       154
20200413     S3F-021       30046639       146
20200414     Q6C-943       50200823       315
20200415     K1F-766       86429854       338
20200416     T3B-722       13219606       313
20200417     J5T-691       81485316       319
20200418     Z5G-762       80457845       335
20200419     W3T-571       29989682       158
20200421     K0D-676       63736112       304
20200422     G1P-591       48450395       106
20200424     R1T-735       45043076       328
20200426     U0T-459       34248357       149
20200430     F1F-571       67185679       107
20200501     G3Y-654       54447051       146
20200503     D6W-048       21621497       320
20200505     L6D-758       24859596       329
20200506     Y6I-680       99950484       107
20200507     M9Z-497       30441350       139
20200508     J8B-303       34976629       150
20200510     J2K-636       73357516       103
20200511     M8Q-758       49927087       155
20200512     F2F-895       48878256       107
20200513     O9W-355       37080813       204
20200514     F3E-797       13628871       131
20200515     N6D-256       79766395       310
20200516     F1F-571       67185679       109
20200517     V4I-691       64532449       322
20200518     Y4Y-028       88167677       316
20200519     Z8C-558       87495937       160
20200520     I9F-484       29833157       159
20200521     L3N-150       88854166       334
20200522     T9U-338       27864822       204
20200523     G3Y-654       54447051       124
20200524     I0X-469       64178096       132
20200525     Y9W-731       99950484       338
20200526     T9L-709       48528209       338
20200527     S1D-093       87282766       323
20200530     N7K-403       77367073       153
20200531     D5W-773       54447051       341
20200601     P6T-244       89941095       314
20200604     E1J-798       25518120       337
20200605     D2V-055       54665716       151
20200606     U5N-536       73818744       324
20200608     H2K-127       28820944       104
20200609     U7R-252       26522329       202
20200610     H3E-885       88854166       122
20200611     O4X-500       35912665       335
20200613     U0N-343       47528229       161
20200614     B4N-777       66849703       331
20200615     R7N-062       34248357       155
20200616     I0X-469       64178096       320
20200618     Y4Y-028       88167677       316
20200619     O5L-856       53853385       103
20200620     M2Q-712       13219606       313
20200621     X6O-905       15559308       110
20200622     O2F-523       80310768       326
20200623     Y9F-491       71578206       322
20200624     U5T-348       70414420       301
20200625     H1E-399       50200823       119
20200626     M0X-657       44188994       159
20200628     Y3Q-331       79672079       318
20200629     V7P-711       81799482       338
20200630     I0K-077       97849227       323
20200701     Y4Y-028       88167677       329
20200702     H4R-733       34248357       132
20200704     J0V-437       64532449       159
20200705     M5U-987       86429854       125
20200707     J1E-736       32244565       315
20200708     G7B-252       49927087       136
20200709     J7Y-327       54141214       336
20200710     B4I-014       16925690       128
20200711     A7Y-833       73567806       334
20200713     W4W-684       77367073       141
20200714     E1J-798       25518120       118
20200715     N5Y-450       39244942       103
20200716     R5C-239       27864822       202
20200717     K4H-445       90467829       313
20200718     C2S-070       77367073       327
20200719     I1D-713       45043076       154
20200720     T9L-709       48528209       341
20200721     J1E-736       32244565       131
20200722     R7N-113       16925690       143
20200723     W9Z-281       73567806       319
20200724     P6Z-734       43454884       150
20200725     U5T-348       70414420       317
20200726     Y6I-680       99950484       162
20200727     W3T-571       29989682       326
20200728     Y9W-731       99950484       135
20200729     W7C-957       16477908       126
20200801     L4B-291       32090869       166
20200802     Y9F-491       71578206       338
20200803     P5B-640       75348522       124
20200804     R2L-600       44188994       304
20200805     S7E-946       45043076       145
20200806     P6Z-734       43454884       324
20200807     H8M-598       58992942       207
20200808     G6I-762       53374153       341
20200809     H1W-140       68303148       115
20200812     R8O-904       89941095       331
20200813     Q5S-871       48450395       339
20200814     R7N-113       16925690       143
20200815     V9F-655       74325123       103
20200817     R1T-735       45043076       146
20200818     T9X-217       53853385       302
20200819     N5Y-450       39244942       136
20200820     Z1A-459       63291514       104
20200821     Y9F-491       71578206       104
20200822     X8O-807       50201756       123
20200824     V7L-069       53374153       125
20200825     L2H-207       87495937       336
20200826     S7F-983       67185679       335
20200827     G0B-604       73357516       166
20200829     T3B-722       13219606       141
20200830     E3U-768       81799482       118
20200831     T8F-368       15559308       148
20200901     H0E-855       74325123       309
20200902     R7U-941       79672079       136
20200903     I5K-310       29833157       110
20200904     N1O-921       13219606       102
20200905     P2Q-870       35671623       147
20200907     A8P-118       24859596       331
20200909     Q6I-941       86718074       141
20200911     M4Z-108       51395324       202
20200912     D5W-953       35683701       328
20200913     X0F-315       30441350       207
20200915     P6I-223       30046639       204
20200916     X8U-894       90467829       118
20200917     P6T-244       89941095       140
20200919     G0F-080       43454884       119
20200920     H6X-124       82031355       208
20200921     Q9D-870       73567806       321
20200922     D9A-711       19963454       150
20200923     K0H-387       82870470       335
20200924     H2K-127       28820944       154
20200925     G7B-252       49927087       116
20200927     C0P-895       15029228       102
20200929     Z4K-431       85501710       105
20200930     G7Z-721       71578206       332
20201003     C0G-556       96693273       120
20201004     I9F-484       29833157       302
20201005     W8F-397       68310808       315
20201006     X8U-894       90467829       105
20201007     I0K-077       97849227       328
20201009     C0G-556       96693273       135
20201010     I0E-459       16477908       323
20201011     H1R-953       90467829       335
20201012     C4O-436       82870470       118
20201013     T9X-217       53853385       127
20201014     Q6Q-335       30441350       153
20201015     L2H-207       87495937       123
20201016     I3A-223       68310808       151
20201017     C2S-070       77367073       334
20201018     Z8C-558       87495937       129
20201019     R2L-600       44188994       306
20201020     J2F-853       66849703       114
20201021     O7W-705       19568447       138
20201022     K4H-445       90467829       118
20201023     G3B-505       64178096       306
20201024     S1D-093       87282766       134
20201025     P7I-760       69252518       306
20201027     J0V-437       64532449       204
20201028     F3R-138       96693273       302
20201029     R1T-735       45043076       318
20201030     R8H-409       12443643       321
20201031     G7Z-721       71578206       318
20201101     Y9F-491       71578206       313
20201102     M5G-669       87495937       304
20201103     H7P-047       79766395       317
20201104     K5K-595       50201756       310
20201105     T6W-978       84186239       316
20201106     J0Q-121       15029228       331
20201108     T8F-368       15559308       148
20201109     Z5G-762       80457845       101
20201110     X8Q-687       79641328       338
20201112     O7D-970       35297848       326
20201113     J1E-736       32244565       315
20201115     R7U-941       79672079       203
20201116     Z5D-724       82031355       150
20201118     R2T-476       53374153       165
20201119     J2M-606       73972114       102
20201120     E6T-667       60335381       162
20201121     G2I-709       54141214       114
20201122     G3B-505       64178096       157
20201123     B1J-773       29989682       322
20201124     Y9F-491       71578206       137
20201125     W9Z-281       73567806       103
20201127     G8O-154       47528229       158
20201128     A7Y-514       70414420       201
20201129     C9H-661       90467829       128
20201202     C3A-423       89314225       104
20201203     L8Z-555       42956681       322
20201205     U0N-343       47528229       146
20201206     S7E-946       45043076       149
20201207     P4Y-758       60784914       112
20201209     J2M-606       73972114       156
20201210     L3N-150       88854166       104
20201211     K4F-319       32244565       108
20201214     R8H-409       12443643       156
20201215     S4J-282       44346371       137
20201216     C4O-436       82870470       158
20201217     L0L-653       79641328       142
20201219     W3T-571       29989682       335
20201220     T5L-371       12858682       101
20201221     A7Y-833       73567806       164
20201222     S7F-983       67185679       312
20201223     T6W-978       84186239       131
20201224     J5T-691       81485316       128
20201225     E0L-862       42956681       155
20201226     J2K-636       73357516       134
20201227     R7N-113       16925690       332
20201229     A8P-118       24859596       153
20201230     C0G-556       96693273       165
20201231     O2Z-308       35912665       315
